image_width: 640
image_height: 480
image_size: [480, 640]
camera_name: narrow_stereo/right
camera_matrix:
  rows: 3
  cols: 3
  data: [264.087539, 0.000000, 300.913322, 0.000000, 264.268240, 227.069901, 0.000000, 0.000000, 1.000000]
distortion_model: plumb_bob
distortion_coefficients:
  rows: 1
  cols: 5
  data: [0.000144, -0.015888, 0.000552, -0.001872, 0.000000]
rectification_matrix:
  rows: 3
  cols: 3
  data: [0.999964, -0.000979, -0.008423, 0.000977, 1.000000, -0.000213, 0.008423, 0.000205, 0.999965]
projection_matrix:
  rows: 3
  cols: 4
  data: [288.740269, 0.000000, 263.689030, -169.867614, 0.000000, 288.740269, 233.849052, 0.000000, 0.000000, 0.000000, 1.000000, 0.000000]
rotation_matrix:
   rows: 3
   cols: 3
   data: [0.999997586064974, -0.0002413421765857235, 0.002183945553068021, 0.0002404352240701583, 0.9999998847609132, 0.00041553467175708725, -0.002184045587434258, -0.000415008571244984, 0.9999975288533256]
translation_vector:
   rows: 3
   cols: 1
   data: [-0.5882847863160544, 0.0005756870506651371, 0.0049550426633833]
